1.068001496031261284e-12 0.000000000000000000e+00
9.974871930062103598e-01 -1.962060019104683306e-01
1.994913284049541602e+00 -3.916444081341978745e-01
2.992278686393499143e+00 -5.863062865673782653e-01
3.989583819061018222e+00 -7.801824444795784075e-01
4.986829107033106112e+00 -9.732634167176001938e-01
5.984014981466078353e+00 -1.165539453333622077e+00
6.981141879954058105e+00 -1.357000506574877363e+00
7.978210246740428779e+00 -1.547636217223043786e+00
8.975220533033002823e+00 -1.737435900311538717e+00
9.972173197228585195e+00 -1.926388530111580621e+00
1.096906870524916933e+01 -2.114482724430672533e+00
1.196590753081729019e+01 -2.301706728278986702e+00
1.296269015581317241e+01 -2.488048396727208456e+00
1.395941707060318571e+01 -2.673495177152290125e+00
1.495608877439449458e+01 -2.858034090721957909e+00
1.595270577564402359e+01 -3.041651713267128798e+00
1.694926859242004724e+01 -3.224334155503129296e+00
1.794577775286310128e+01 -3.406067042710674286e+00
1.894223379559354825e+01 -3.586835493840226263e+00
1.993863727020331922e+01 -3.766624100307126355e+00
2.093498873772252011e+01 -3.945416904455669282e+00
2.193128877111762165e+01 -4.123197377931319352e+00
2.292753795584478027e+01 -4.299948400152061367e+00
2.392373689035166251e+01 -4.475652237126269029e+00
2.491988618667318534e+01 -4.650290520901762648e+00
2.591598647098810559e+01 -4.823844230126269395e+00
2.691203838421308703e+01 -4.996293672055799107e+00
2.790804258258505754e+01 -5.167618466663043364e+00
2.890399973828436586e+01 -5.337797533485172607e+00
2.989991054000112314e+01 -5.506809081958635943e+00
3.089577569353028608e+01 -5.674630606255959719e+00
3.189159592233187013e+01 -5.841238885693201155e+00
3.288737196804615337e+01 -6.006609991919503955e+00
3.388310459095043115e+01 -6.170719304447629838e+00
3.487879457040020981e+01 -6.333541536198026733e+00
3.587444270510263777e+01 -6.495050770869056578e+00
3.687004981333017639e+01 -6.655220514416214428e+00
3.786561673296046848e+01 -6.814023762847682519e+00
3.886114432135395447e+01 -6.971433089032871067e+00
3.985663345499852994e+01 -7.127420751085992379e+00
4.085208502891371296e+01 -7.281958825271431124e+00
4.184749995573104542e+01 -7.435019366170308786e+00
4.284287916443183519e+01 -7.586574596664831915e+00
4.383822359870630692e+01 -7.736597130174232007e+00
4.483353421480123302e+01 -7.885060226587484067e+00
4.582881197899078529e+01 -8.031938082743181440e+00
4.682405786440153150e+01 -8.177206156584361452e+00
4.781927284738046779e+01 -8.320841522409864410e+00
4.881445790331125778e+01 -8.462823251939880720e+00
4.980961400194377831e+01 -8.603132812810144969e+00
5.080474210226969234e+01 -8.741754471810963878e+00
5.179984314720400818e+01 -8.878675685015878116e+00
5.279491805812167371e+01 -9.013887450705624360e+00
5.378996772972899265e+01 -9.147384592608432285e+00
5.478499302556640060e+01 -9.279165930964154541e+00
5.577999477490430991e+01 -9.409234284818921878e+00
5.677497377172280579e+01 -9.537596230009512510e+00
5.776993077716399938e+01 -9.664261508740310092e+00
5.876486652708531722e+01 -9.789241943244633148e+00
5.975978174730359171e+01 -9.912549635668256087e+00
6.075467718057587518e+01 -1.003419412031689717e+01
6.174955363149325649e+01 -1.015417794182940270e+01
6.274441203930163624e+01 -1.027248982205674110e+01
6.373925359389934187e+01 -1.038909415401303704e+01
6.473407991355071545e+01 -1.050391539939391805e+01
6.572889327891904543e+01 -1.061681844700979127e+01
6.672369675527885136e+01 -1.072760140382251848e+01
6.771849349390163297e+01 -1.083606616755514551e+01
6.871328428037676872e+01 -1.094224526647667517e+01
6.970806530268001211e+01 -1.104658918194400030e+01
7.070282957397806456e+01 -1.114980882531563111e+01
7.169756967031773343e+01 -1.125261441594375356e+01
7.269227895096797454e+01 -1.135560867543881614e+01
7.368695172909583846e+01 -1.145927934990049835e+01
7.468158315359927713e+01 -1.156401694743544795e+01
7.567616903965136999e+01 -1.167013538550963858e+01
7.667070569823168569e+01 -1.177789111520905863e+01
7.766518978248755900e+01 -1.188749939603076200e+01
7.865961816168031362e+01 -1.199914710144457786e+01
7.965398782818814993e+01 -1.211300192239013995e+01
8.064829584152967357e+01 -1.222921796859372989e+01
8.164253931625668770e+01 -1.234793754313523095e+01
8.263671546294855830e+01 -1.246928869260318606e+01
8.363082168489926005e+01 -1.259337870053605002e+01
8.462485570859733741e+01 -1.272028549817969179e+01
8.561881569318079244e+01 -1.285005123643986735e+01
8.661270025396613903e+01 -1.298268261042176164e+01
8.760650836470654212e+01 -1.311815997858411720e+01
8.860023910534158631e+01 -1.325645695363436971e+01
8.959389172421384728e+01 -1.339753636117620772e+01
9.058746639401024936e+01 -1.354129773665681569e+01
9.158096321224498126e+01 -1.368765020496994111e+01
9.257438209695463627e+01 -1.383651913562698610e+01
9.356772287479081740e+01 -1.398783928471220861e+01
9.456098530659322421e+01 -1.414155258489245170e+01
9.555416909906082878e+01 -1.429760699117832701e+01
9.654727391016487559e+01 -1.445595581489033066e+01
9.754029934988439265e+01 -1.461655740339028853e+01
9.853324497860828046e+01 -1.477937498602295818e+01
9.952611030966338035e+01 -1.494437627240313304e+01
1.005188948270656226e+02 -1.511153210314751050e+01
1.015115980249687624e+02 -1.528081382846539782e+01
1.025042194456634945e+02 -1.545219092133902450e+01
1.034967586746188033e+02 -1.562563137629240373e+01
1.044892152927363469e+02 -1.580110468367729482e+01
1.054815888268126116e+02 -1.597858474742042745e+01
1.064738787205728556e+02 -1.615805140742668300e+01
1.074660843257063050e+02 -1.633949069697973755e+01
1.084582049197687468e+02 -1.652289350792761979e+01
1.094502397788542822e+02 -1.670825114769286301e+01
1.104421882975153579e+02 -1.689554841502831550e+01
1.114340500417533661e+02 -1.708476086703376495e+01
1.124258246860504329e+02 -1.727585878987520118e+01
1.134175119464585606e+02 -1.746881118140026956e+01
1.144091115646009342e+02 -1.766358669488636224e+01
1.154006233130692749e+02 -1.786015335908541601e+01
1.163920469958361679e+02 -1.805847857986827876e+01
1.173833824386200320e+02 -1.825852969048628438e+01
1.183746294739406011e+02 -1.846027475580103783e+01
1.193657879270965054e+02 -1.866368328982480307e+01
1.203568576063722020e+02 -1.886872671184755745e+01
1.213478382979025127e+02 -1.907537853875328437e+01
1.223387297633425277e+02 -1.928361441956894851e+01
1.233295317376344684e+02 -1.949341216555603751e+01
1.243202439240037336e+02 -1.970475191881178034e+01
1.253108659849062434e+02 -1.991761651967954094e+01
1.263013975304289005e+02 -2.013199198332313244e+01
1.272918381079932715e+02 -2.034786789057216083e+01
1.282821871946243846e+02 -2.056523763273253280e+01
1.292724441798802388e+02 -2.078409910278332973e+01
1.302626082620014074e+02 -2.100445959283115371e+01
1.312526788489220451e+02 -2.122631601876310015e+01
1.322426556535189661e+02 -2.144965073639832553e+01
1.332325382045501385e+02 -2.167445540845255891e+01
1.342223259549557781e+02 -2.190072553331992822e+01
1.352120183033786134e+02 -2.212845929309150961e+01
1.362016145973255732e+02 -2.235765730772982351e+01
1.371911141311952065e+02 -2.258832263763360970e+01
1.381805161416619399e+02 -2.282046090900166746e+01
1.391698198009695773e+02 -2.305408052738403057e+01
1.401590242089781100e+02 -2.328919294054048805e+01
1.411481283858243216e+02 -2.352581286019631079e+01
1.421371312687044224e+02 -2.376395829342618526e+01
1.431260317145890042e+02 -2.400365030632747221e+01
1.441148285051887399e+02 -2.424491269969348650e+01
1.451035203502694344e+02 -2.448777177128067706e+01
1.460921058941625290e+02 -2.473225594671021099e+01
1.470805837309740411e+02 -2.497839505100546376e+01
1.480689524233464738e+02 -2.522621945751416206e+01
1.490572105014316548e+02 -2.547576011249930161e+01
1.500453563871667484e+02 -2.572705172115092864e+01
1.510333881928566484e+02 -2.598014109381892922e+01
1.520213035106315260e+02 -2.623509554190150084e+01
1.530090994385657837e+02 -2.649200113050574146e+01
1.539967727928348609e+02 -2.675095332509863510e+01
1.549843202640064419e+02 -2.701205028668846353e+01
1.559717384627941783e+02 -2.727539092433744372e+01
1.569590239149810316e+02 -2.754107507640765107e+01
1.579461730471103351e+02 -2.780920405588585709e+01
1.589331821757221803e+02 -2.807988103566731297e+01
1.599200475008597095e+02 -2.835321124624988443e+01
1.609067651021251493e+02 -2.862930207000681548e+01
1.618933309349236538e+02 -2.890826312069475534e+01
1.628797408246996099e+02 -2.919020640080088924e+01
1.638659904561374105e+02 -2.947524664682077855e+01
1.648520753543752164e+02 -2.976350197051942814e+01
1.658379908570142049e+02 -3.005509482840170676e+01
1.668237320808091795e+02 -3.035015315982855100e+01
1.678092938934998415e+02 -3.064881128915112640e+01
1.687946709044500153e+02 -3.095121009053036687e+01
1.697798574832734175e+02 -3.125749609952617902e+01
1.707648478170404474e+02 -3.156781922267418850e+01
1.717496360232831876e+02 -3.188232846677692578e+01
1.727342156757702014e+02 -3.220118938010818965e+01
1.737185802106458539e+02 -3.252456874947529286e+01
1.747027230145688748e+02 -3.285263136420689989e+01
1.756866373751439596e+02 -3.318554186240362469e+01
1.766703164712965588e+02 -3.352346508031678241e+01
1.776537533659592327e+02 -3.386656630859488359e+01
1.786369409966825401e+02 -3.421501161173728178e+01
1.796198721634766287e+02 -3.456896823703755217e+01
1.806025395172823096e+02 -3.492860498569280026e+01
1.815849355651862140e+02 -3.529409198908888357e+01
1.825670527336372402e+02 -3.566559847649386938e+01
1.835488835377498731e+02 -3.604328695112235437e+01
1.845304207933508280e+02 -3.642730608674446557e+01
1.855116576529198369e+02 -3.681778986833978706e+01
1.864925874061603679e+02 -3.721486476232439600e+01
1.874732032492543397e+02 -3.761865771692191629e+01
1.884534981545845937e+02 -3.802930053040381608e+01
1.894334648346373910e+02 -3.844693093214118562e+01
1.904130958111257712e+02 -3.887169012796584866e+01
1.913923836762214137e+02 -3.930371405917412631e+01
1.923713215501550735e+02 -3.974311846720956964e+01
1.933499033947689725e+02 -4.018998913610175805e+01
1.943281238903307440e+02 -4.064438667356171209e+01
1.953059781631599776e+02 -4.110635598457884043e+01
1.962834616732227175e+02 -4.157593029655436112e+01
1.972605702219813963e+02 -4.205313120033224550e+01
1.982372999603929600e+02 -4.253796868568315404e+01
1.992136473537527479e+02 -4.303044254797077883e+01
2.001896091188446860e+02 -4.353054462856380269e+01
2.011651821626381604e+02 -4.403826094035957794e+01
2.021403635416613156e+02 -4.455357308394104621e+01
2.031151504486861654e+02 -4.507645876897822745e+01
2.040895402274180697e+02 -4.560689145510423259e+01
2.050635304138637309e+02 -4.614483917517191003e+01
2.060371188016376607e+02 -4.669026266176479112e+01
2.070103035208351514e+02 -4.724311310924258578e+01
2.079830831066842620e+02 -4.780333031291320367e+01
2.089554565170372484e+02 -4.837084240884360042e+01
2.099274230404892592e+02 -4.894556891935917520e+01
2.108989819693459538e+02 -4.952743076484057383e+01
2.118701309712390923e+02 -5.011639885239583236e+01
2.128408686478650793e+02 -5.071241686832945561e+01
2.138112029824582692e+02 -5.131515202111768303e+01
2.147811392351434563e+02 -5.192435783772725699e+01
2.157506819515833172e+02 -5.253981330933493155e+01
2.167198355623361863e+02 -5.316130482290463988e+01
2.176886045569324892e+02 -5.378862093695715885e+01
2.186569935629476333e+02 -5.442155004729193024e+01
2.196250073898033577e+02 -5.505987912900036463e+01
2.205926510562163685e+02 -5.570339298251656146e+01
2.215599298127318093e+02 -5.635187363943805394e+01
2.225268491773884421e+02 -5.700509941167365469e+01
2.234934150154159909e+02 -5.766284272030043212e+01
2.244596336768728122e+02 -5.832486635169971123e+01
2.254255121165019773e+02 -5.899092031066538766e+01
2.263910578869812298e+02 -5.966074228724028217e+01
2.273562790471961534e+02 -6.033406047377502546e+01
2.283211841030626204e+02 -6.101059540761434619e+01
2.292857820058193568e+02 -6.169006018228992616e+01
2.302500821533730857e+02 -6.237216057211753650e+01
2.312140942903805012e+02 -6.305659791596917785e+01
2.321778281844827063e+02 -6.374307801484337688e+01
2.331412931799634407e+02 -6.443132312055513466e+01
2.341044980703341025e+02 -6.512107502388698776e+01
2.350674513771202214e+02 -6.581208715952561761e+01
2.360301616144595585e+02 -6.650411728914605192e+01
2.369926373646911202e+02 -6.719692539915649832e+01
2.379548872782177682e+02 -6.789027365810215997e+01
2.389169200957670682e+02 -6.858392578374878212e+01
2.398787447094006495e+02 -6.927764540801217663e+01
2.408403702390895660e+02 -6.997119407276841230e+01
2.418018060996735414e+02 -7.066432952728155215e+01
2.427630620437442985e+02 -7.135680469139606430e+01
2.437241481745131750e+02 -7.204836742098177638e+01
2.446850749253098911e+02 -7.273876113816277211e+01
2.456458530036859145e+02 -7.342772635473556875e+01
2.466064933053333164e+02 -7.411500293059179967e+01
2.475670068234931875e+02 -7.480033239219665120e+01
2.485274046149150422e+02 -7.548345876337407390e+01
2.494876979268851755e+02 -7.616412530770685407e+01
2.504478986704125703e+02 -7.684206264227850625e+01
2.514080209277910569e+02 -7.751695121616376127e+01
2.523680867137690029e+02 -7.818827851947116869e+01
2.533281009360526639e+02 -7.885596527884536044e+01
2.542880591164412749e+02 -7.952016586398440268e+01
2.552479640561252552e+02 -8.018085270429310185e+01
2.562078207918168005e+02 -8.083794372542888595e+01
2.571676356211404482e+02 -8.149132724941773631e+01
2.581274157841453984e+02 -8.214087032639781683e+01
2.590871693386823154e+02 -8.278642216664138687e+01
2.600469051188730987e+02 -8.342781548414131976e+01
2.610066327159633488e+02 -8.406486726893490413e+01
2.619663623806054034e+02 -8.469738143129325181e+01
2.629261046329845044e+02 -8.532515837423488847e+01
2.638858693291685995e+02 -8.594801731461120653e+01
2.648456644192915519e+02 -8.656582542412888870e+01
2.658054954813007953e+02 -8.717850797156370390e+01
2.667653666379291622e+02 -8.778602563458662189e+01
2.677252819762023819e+02 -8.838834050943023612e+01
2.686852465537472767e+02 -8.898539253757553524e+01
2.696452668894448834e+02 -8.957708847169305955e+01
2.706053509741096263e+02 -9.016330223162094626e+01
2.715655073564061581e+02 -9.074389665611761302e+01
2.725257427795738181e+02 -9.131877820406134560e+01
2.734860598852648650e+02 -9.188794893135673192e+01
2.744464577177571982e+02 -9.245149323025907506e+01
2.754069338720622113e+02 -9.300952735131795635e+01
2.763674856879217145e+02 -9.356217169214960450e+01
2.773281104006372288e+02 -9.410954730757202924e+01
2.782888050316112185e+02 -9.465177836837392533e+01
2.792495663780788391e+02 -9.518899233753199951e+01
2.802103911256389779e+02 -9.572131739013639162e+01
2.811712760059785410e+02 -9.624887887792829133e+01
2.821322179311807190e+02 -9.677179638911729853e+01
2.830932140679602185e+02 -9.729018220256148197e+01
2.840542618332964366e+02 -9.780414151033801318e+01
2.850153587953035412e+02 -9.831377472374970239e+01
2.859765024647934979e+02 -9.881918213077460678e+01
2.869376899890087884e+02 -9.932047059792603250e+01
2.878989178324269460e+02 -9.981776041613738926e+01
2.888601816441342862e+02 -1.003111879539028450e+02
2.898214766312882489e+02 -1.008008972976995210e+02
2.907827990381500172e+02 -1.012870082050403653e+02
2.917441513500334054e+02 -1.017695045962282165e+02
2.927055386816361420e+02 -1.022483142501059774e+02
2.936669279813675644e+02 -1.027241812362217388e+02
2.946282876453320227e+02 -1.031978088669102362e+02
2.955895936102373298e+02 -1.036697310816380195e+02
2.965508244645942000e+02 -1.041404186524196120e+02
2.975119601416588466e+02 -1.046103077801144536e+02
2.984729814071445162e+02 -1.050798114276485649e+02
2.994338696043005257e+02 -1.055493250388981323e+02
3.003946064928616693e+02 -1.060192301874249097e+02
3.013551740678871056e+02 -1.064898985715180970e+02
3.023155541878510348e+02 -1.069616998866276845e+02
3.032757277697409108e+02 -1.074350184952418203e+02
3.042356734975680297e+02 -1.079102797986306541e+02
3.051953666871665405e+02 -1.083879728890806291e+02
3.061547793182095347e+02 -1.088686488721350543e+02
3.071138812212644780e+02 -1.093528956518966879e+02
3.080726414215810109e+02 -1.098413100105099147e+02
3.090310290288370538e+02 -1.103344794265985911e+02
3.099890136947860810e+02 -1.108329729726247024e+02
3.109465656539762222e+02 -1.113373407850840522e+02
3.119036548490061023e+02 -1.118481319310230901e+02
3.128602488275531073e+02 -1.123659365278253972e+02
3.138163115893966619e+02 -1.128914081122375137e+02
3.147718051083222122e+02 -1.134252323708587937e+02
3.157266910590484486e+02 -1.139680923871155755e+02
3.166809313166337461e+02 -1.145206588070132057e+02
3.176344878568496597e+02 -1.150835919944092893e+02
3.185873225660141657e+02 -1.156575459267032784e+02
3.195393970922050357e+02 -1.162431712068564593e+02
3.204906727469450516e+02 -1.168411170354420392e+02
3.214411104455783743e+02 -1.174520323916776761e+02
3.223906706771992958e+02 -1.180765666213528675e+02
3.233393134987499025e+02 -1.187153695441338641e+02
3.242869985500555003e+02 -1.193690911569528907e+02
3.252336850843079787e+02 -1.200383810435941996e+02
3.261793320013630364e+02 -1.207238877427062107e+02
3.271238978505234059e+02 -1.214262587096272910e+02
3.280673407252796210e+02 -1.221461423390992422e+02
3.290096178870419976e+02 -1.228841951020931447e+02
3.299506847587770153e+02 -1.236411004959163620e+02
3.308904923216284715e+02 -1.244176178306279326e+02
3.318289841257014245e+02 -1.252146374190324423e+02
3.327661195304889361e+02 -1.260327421366846465e+02
3.337018833256715311e+02 -1.268720317685292684e+02
3.346362551493506885e+02 -1.277327011148790916e+02
3.355692084070155374e+02 -1.286150587307301976e+02
3.365007132355132740e+02 -1.295194702468597825e+02
3.374307376018816171e+02 -1.304463372022955809e+02
3.383592477110137793e+02 -1.313960889998515995e+02
3.392862081799992779e+02 -1.323691792958643418e+02
3.402115822338206499e+02 -1.333660820593495373e+02
3.411353322367689884e+02 -1.343872815570184684e+02
3.420574210109934370e+02 -1.354332481492656370e+02
3.429778142573457558e+02 -1.365043944468307018e+02
3.438964834393274259e+02 -1.376010238153057799e+02
3.448134071892943666e+02 -1.387233064888314402e+02
3.457285698027376952e+02 -1.398713086136212951e+02
3.466419577771468425e+02 -1.410450559734190392e+02
3.475535563370148111e+02 -1.422445968866068142e+02
3.484633467460043903e+02 -1.434700499652280996e+02
3.493713042726603817e+02 -1.447216394144343212e+02
3.502773979903622603e+02 -1.459996971174814462e+02
3.511815989524382076e+02 -1.473045161357258621e+02
3.520838983427640869e+02 -1.486360302072444028e+02
3.529843087674536832e+02 -1.499937959367471194e+02
3.538828481452630399e+02 -1.513772813678260718e+02
3.547795327982484537e+02 -1.527859884023482664e+02
3.556743781776065703e+02 -1.542194396388185851e+02
3.565674003060598807e+02 -1.556771529259021918e+02
3.574586163354193218e+02 -1.571586317272349334e+02
3.583480443610619091e+02 -1.586633685364231496e+02
3.592357028709408837e+02 -1.601908545599517311e+02
3.601216101300589116e+02 -1.617405903570816008e+02
3.610057836735459205e+02 -1.633120944371230507e+02
3.618882399867316622e+02 -1.649049085096748968e+02
3.627689944126142905e+02 -1.665185987562363152e+02
3.636480613326572211e+02 -1.681527524164521310e+02
3.645254546583856268e+02 -1.698069691371365479e+02
3.654011885309222976e+02 -1.714808489284232564e+02
3.662752777352262115e+02 -1.731739851439333506e+02
3.671477368271249020e+02 -1.748859793139372414e+02
3.680185768502475980e+02 -1.766164963431365322e+02
3.688878010247456132e+02 -1.783653361096376102e+02
3.697554177221282430e+02 -1.801322142697599702e+02
3.706214783577854632e+02 -1.819161300613977801e+02
3.714860602542160564e+02 -1.837156613382448995e+02
3.723492329673006793e+02 -1.855295299242170586e+02
3.732110555763011348e+02 -1.873566446788026951e+02
3.740715800145826506e+02 -1.891960439803106055e+02
3.749308530826687047e+02 -1.910468608407172724e+02
3.757889175047164940e+02 -1.929083042997845041e+02
3.766458125902942129e+02 -1.947796475855702738e+02
3.775015748781623870e+02 -1.966602167510791332e+02
3.783562390984314447e+02 -1.985493742878352350e+02
3.792098397201349371e+02 -2.004464934575144071e+02
3.800624129871566765e+02 -2.023509250818960936e+02
3.809139986580227060e+02 -2.042619696400743123e+02
3.817646403627238669e+02 -2.061788721400807844e+02
3.826143843115088998e+02 -2.081008436370766503e+02
3.834632772370786142e+02 -2.100270947519402398e+02
3.843113646003665735e+02 -2.119568644558839878e+02
3.851586894410022524e+02 -2.138894381058189538e+02
3.860052917211451131e+02 -2.158241573361801784e+02
3.868512080671567901e+02 -2.177604234670225196e+02
3.876964733077298888e+02 -2.196976723362067787e+02
3.885411235823406741e+02 -2.216353246317294179e+02
3.893851947831086022e+02 -2.235728106995948110e+02
3.902287206640978070e+02 -2.255096002253994811e+02
3.910717330895068358e+02 -2.274451978467332083e+02
3.919142624317575496e+02 -2.293791364785793121e+02
3.927563377308124473e+02 -2.313109744743660485e+02
3.935979866805482743e+02 -2.332402955263532931e+02
3.944392355274531496e+02 -2.351667099337028048e+02
3.952801089545704372e+02 -2.370898560799987536e+02
3.961206300013389523e+02 -2.390094013342195467e+02
3.969608200402482225e+02 -2.409250420592643422e+02
3.978006987995937038e+02 -2.428365029104725181e+02
3.986402843844943504e+02 -2.447435361706120602e+02
3.994795932020154510e+02 -2.466459225659327785e+02
4.003186396616979437e+02 -2.485434755081296316e+02
4.011574355981832696e+02 -2.504360495189994253e+02
4.019959896542006845e+02 -2.523235491378682127e+02
4.028343071295343520e+02 -2.542059306197406841e+02
4.036723904832534799e+02 -2.560831937053289948e+02
4.045102398729281958e+02 -2.579553729481131086e+02
4.053478529058587014e+02 -2.598225410561644821e+02
4.061852243974362295e+02 -2.616848120778495286e+02
4.070223472504408733e+02 -2.635423277089612384e+02
4.078592132188884989e+02 -2.653952455228563849e+02
4.086958130214480889e+02 -2.672437370888164878e+02
4.095321362398272527e+02 -2.690879893229885056e+02
4.103681712091683949e+02 -2.709282059395836768e+02
4.112039049220441598e+02 -2.727646086800987177e+02
4.120393229243136375e+02 -2.745974386454827254e+02
4.128744091739752093e+02 -2.764269581563594329e+02
4.137091458407522850e+02 -2.782534534615551820e+02
4.145435130506491532e+02 -2.800772382175046005e+02
4.153774886281380532e+02 -2.818986569549269916e+02
4.162110479287931639e+02 -2.837180871731952720e+02
4.170441638363174661e+02 -2.855359390052763047e+02
4.178768069147566848e+02 -2.873526526261221079e+02
4.187089456291355987e+02 -2.891686947015514306e+02
4.195405465288807818e+02 -2.909845554255607567e+02
4.203715742892434832e+02 -2.928007476532266082e+02
4.212019913776406383e+02 -2.946178114607500902e+02
4.220317567311938092e+02 -2.964363328882282076e+02
4.228608308343827957e+02 -2.982568704373888977e+02
4.236891827329097282e+02 -3.000798547971335211e+02
4.245167794712081673e+02 -3.019057414151247940e+02
4.253435861254477004e+02 -3.037350097485268634e+02
4.261695669623662184e+02 -3.055681464880717613e+02
4.269946857806728531e+02 -3.074056406247864288e+02
4.278189059447667546e+02 -3.092479829454978244e+02
4.286421902504351351e+02 -3.110956679135515515e+02
4.294645006889189176e+02 -3.129491969582068123e+02
4.302857981547724648e+02 -3.148090825127674179e+02
4.311060421290399631e+02 -3.166758523460230208e+02
4.319251903651920657e+02 -3.185500537970492587e+02
4.327431986306665976e+02 -3.204322571770717332e+02
4.335600206590219727e+02 -3.223230561846212368e+02
4.343756087306348377e+02 -3.242230595586597701e+02
4.351899156840056548e+02 -3.261328629528788952e+02
4.360028988825195029e+02 -3.280529940518990770e+02
4.368145243753755835e+02 -3.299838557177890834e+02
4.376247673248632282e+02 -3.319257214438648589e+02
4.384336070875997393e+02 -3.338788045442943258e+02
4.392410184056410571e+02 -3.358433799418826311e+02
4.400469628689680803e+02 -3.378199006551303682e+02
4.408513883168611187e+02 -3.398090040768056497e+02
4.416542359237725464e+02 -3.418114131784168421e+02
4.424554464972012511e+02 -3.438278497286173661e+02
4.432549629484031470e+02 -3.458590006925751368e+02
4.440527307187716701e+02 -3.479055128153277110e+02
4.448486977700203511e+02 -3.499679931824393861e+02
4.456428149026676238e+02 -3.520470053364069827e+02
4.464350368595574423e+02 -3.541430548527250721e+02
4.472253245295607371e+02 -3.562565602903014224e+02
